394
400
402
403
429
434
435
442
443
451
452
488
496
497
498
499
500
501
502
503
510
511
512
513
515
523
524
530
534
554
555
558
559
581
582
585
586
589
593
594
600
613
614
637
638
641
642
644
649
650
653
654
661
662
665
666
673
674
678
711
712
717
776
777
778
779
780
793
794
795
796
797
798
799
800
801
805
807
808
809
810
811
812
813
814
815
816
817
818
820
821
822
823
824
825
826
827
828
829
830
831
842
843
844
845
846
847
848
849
851
856
857
861
862
863
864
865
866
867
868
869
870
871
872
873
896
897
901
902
903
904
905
906
907
908
909
910
911
912
913
914
915
916
917
918
919
920
921
922
923
924
925
926
927
928
929
930
931
932
933
934
935
936
937
938
939
940
941
942
943
944
945
946
947
948
949
950
951
952
953
954
961
962
963
964
966
968
969
970
971
972
974
977
978
979
980
981
982
983
984
1004
1019
1020
1026
1028
1029
1030
1031
1032
1033
1034
1035
1036
1037
1038
1039
1040
1041
1042
1043
1044
1045
1046
1047
1048
1049
1050
1051
1052
1053
1054
1056
1057
1058
1059
1060
1061
1062
1063
1064
1065
1066
1067
1068
1069
1070
1071
1072
1073
1074
1075
1120
1121
1122
1123
1124
1125
1126
1127
1128
1129
1130
1131
1132
1133
1134
1135
1136
1137
1138
1139
1140
1141
1142
1143
1144
1145
1146
1147
1162
1163
1164
1165
1166
1167
1168
1169
1170
1171
1172
1173
1174
1175
1176
1177
1178
1179
1180
1181
1182
1183
1184
1185
1186
1187
1188
1189
1190
1208
1209
1210
1211
1212
1213
1214
1215
1216
1217
1218
1219
1220
1221
1222
1223
1224
1225
1226
1227
1228
1229
1230
1231
1232
1233
1234
1235
1236
1240
1241
1242
1243
1244
1245
1246
1247
1248
1249
1250
1251
1252
1253
1254
1255
1256
1257
1258
1259
1260
1261
1262
1263
1264
1265
1266
1267
1268
1269
1270
1271
1272
1273
1274
1275
1276
1277
1278
1279
1280
1281
1282
1283
1284
1285
1286
1287
1288
1289
1290
1291
1292
1293
1294
1295
1296
1297
1298
1299
1300
1301
1302
1303
1304
1305
1306
1307
1308
1309
1310
1311
1312
1313
1314
1315
1316
1317
1318
1319
1320
1321
1322
1323
1324
1325
1326
1327
1328
1329
1330
1331
1332
1335
1336
1337
1338
1339
1340
1341
1342
1346
1347
1348
1349
1350
1351
1352
1353
1354
1355
1356
1357
1358
1359
1360
1361
1362
1363
1364
1365
1366
1367
1368
1369
1370
1371
1372
1373
1374
1375
1376
1377
1378
1379
1380
1381
1382
1383
1384
1385
1386
1387
1388
1389
1390
1391
1392
1393
1394
1395
1396
1397
1398
1399
1400
1401
1402
1404
1406
1407
1408
1409
1411
1412
1413
1416
1417
1418
1419
1420
1421
1423
1424
1425
1426
1427
1428
1429
1430
1431
1432
1433
1434
1435
1438
1447
1455
1456
1459
1460
1461
1462
1463
1464
1465
1466
1467
1468
1469
1470
1471
1472
1473
1474
1475
1476
1477
1478
1479
1480
1481
1483
1484
1485
1486
1487
1488
1489
1490
1491
1492
1493
1494
1495
1496
1497
1498
1499
1500
1501
1502
1503
1504
1505
1506
1510
1511
1512
1513
1514
1515
1516
1517
1518
1519
1520
1521
1523
1524
1525
1526
1527
1528
1529
1530
1531
1532
1533
1534
1535
1536
1537
1538
1539
1540
1542
1543
1544
1545
1546
1547
1548
1551
1552
1554
1555
1556
1557
1558
1559
1569
1570
1571
1572
1573
1574
1575
1576
1577
1578
1579
1580
1583
1584
1587
1588
1589
1590
1591
1592
1593
1594
1595
1596
1645
1646
1647
1648
1649
1650
1651
1652
1653
1654
1655
1656
1657
1658
1659
1660
1661
1662
1663
1664
1665
1666
1667
1670
1671
1672
1675
1676
1677
1679
1680
1681
1682
1683
1684
1685
1686
1687
1688
1689
1690
1691
1692
1699
1700
1705
1706
1707
1708
1709
1710
1711
1712
1713
1714
1715
1716
1717
1722
1723
1724
1725
1726
1728
1729
1730
1731
1733
1734
1736
1737
1738
1739
1740
1741
1743
1744
1745
1746
1747
1748
1753
1754
1755
1756
1757
1758
1759
1760
1761
1762
1763
1764
1766
1767
1768
1771
1772
1773
1774
1775
1776
1777
1778
1779
1780
1824
1825
1826
1827
1828
1829
1830
1831
1832
1833
1834
1835
1836
1837
1838
1839
1840
1841
1842
1843
1844
1845
1846
1847
1848
1849
1850
1851
1852
1853
1854
1855
1856
1857
1858
1859
1860
1861
1862
1863
1864
1865
1866
1867
1868
1869
1870
1871
1872
1873
1874
1875
1876
1877
1878
1879
1880
1881
1882
1883
1884
1885
1886
1887
1888
1889
1890
1891
1892
1893
1894
1895
1896
1897
1898
1899
1900
1901
1902
1903
1904
1905
1906
1907
1908
1909
1910
1911
1912
1913
1914
1915
1916
1917
1918
1919
1920
1921
1922
1923
1924
1925
1926
1927
1928
1929
1930
1931
1932
1933
1934
1935
1936
1937
1938
1939
1940
1941
1942
1943
1944
1945
1946
1947
1948
1949
1950
1951
1952
1953
1954
1955
1956
1957
1958
1959
1960
1961
1962
1975
1976
1977
1978
1979
1980
1981
1982
1983
1984
1985
1986
1987
1988
1989
1990
1991
1992
1993
1994
1995
1996
1997
1998
1999
2000
2001
2002
2003
2004
2005
2006
2007
2008
2009
2010
2011
2012
2013
2014
2015
2016
2017
2018
2019
2020
2021
2022
2023
2024
2025
2026
2027
2028
2029
2030
2031
2032
2033
2034
2035
2036
2037
2038
2039
2040
2041
2042
2043
2044
2045
2046
2047
2048
2049
2050
2051
2052
2053
2054
2055
2056
2057
2058
2059
2060
2061
2063
2065
2066
2067
2068
2069
2070
2071
2072
2073
2074
2075
2076
2077
2078
2079
2080
2081
2082
2083
2084
2085
2086
2087
2088
2089
2090
2091
2092
2093
2094
2095
2096
2097
2098
2099
2100
2101
2102
2103
2104
2105
2106
2111
2112
2113
2114
2115
2116
2117
2118
2119
2120
2121
2122
2123
2124
2125
2126
2131
2132
2133
2134
2135
2136
2137
2138
2140
2141
2144
2145
2146
2147
2150
2151
2153
2154
2155
2156
2159
2162
2163
2164
2165
2166
2167
2168
2169
2171
2174
2175
2176
2177
2178
2179
2180
2181
2183
2184
2185
2186
2187
2188
2189
2190
2191
2192
2193
2194
2195
2196
2197
2198
2199
2200
2201
2202
2203
2204
2205
2206
2207
2208
2209
2210
2211
2212
2213
2214
2215
2216
2217
2218
2219
2220
2221
2222
2223
2224
2225
2226
2227
2228
2229
2230
2231
2232
2233
2234
2235
2236
2237
2238
2239
2240
2241
2242
2244
2245
2246
2247
2248
2250
2251
2252
2253
2254
2255
2256
2257
2258
2259
2260
2261
2262
2263
2264
2265
2266
2267
2268
2269
2270
2271
2272
2273
2274
2275
2276
2277
2278
2279
2280
2281
2282
2283
2284
2285
2286
2287
2288
2289
2290
2291
2292
2293
2294
2295
2296
2297
2298
2299
2300
2301
2302
2303
2304
2305
2306
2307
2308
2309
2310
2311
2312
2313
2314
2315
2316
2317
2318
2319
2320
2321
2322
2323
2324
2325
2326
2327
2328
2329
2330
2331
2332
2333
2334
2335
2337
2338
2339
2340
2341
2342
2343
2344
2345
2346
2347
2348
2349
2350
2351
2352
2353
2354
2355
2356
2357
2358
2359
2360
2361
2362
2363
2364
2365
2366
2367
2368
2369
2370
2371
2372
2373
2374
2375
2376
2377
2378
2379
2380
2381
2382
2383
2384
2385
2386
2387
2388
2389
2390
2391
2392
2393
2394
2395
2396
2397
2398
2399
2400
2401
2402
2403
2404
2405
2406
2407
2408
2409
2410
2411
2424
2426
2427
2428
2429
2430
2431
2432
2433
2435
2446
2447
2448
2449
2450
2451
2452
2453
2454
2455
2456
2457
2458
2459
2460
2461
2462
2463
2464
2465
2466
2467
2468
2470
2471
2472
2473
2475
2477
2480
2481
2482
2483
2484
2485
2486
2487
2488
2489
2490
2491
2492
2493
2494
2495
2496
2497
2514
2515
2516
2518
2519
2520
2521
2522
2523
2524
2525
2526
2527
2528
2529
2530
2531
2532
2534
2535
2536
2537
2538
2539
2541
2544
2545
2546
2547
2548
2549
2550
2551
2552
2553
2558
2559
2560
2561
2562
2563
2564
2565
2566
2567
2568
2569
2570
2571
2572
2573
2574
2575
2576
2577
2578
2579
2580
2581
2582
2583
2584
2585
2586
2587
2588
2589
2590
2591
2592
2593
2594
2595
2596
2597
2598
2599
2600
2601
2602
2603
2604
2605
2606
2607
2608
2609
2610
2611
2612
2613
2614
2615
2616
2617
2618
2619
2620
2621
2622
2623
2624
2625
2626
2627
2628
2629
2630
2631
2632
2633
2634
2635
2636
2637
2638
2639
2640
2641
2642
2643
2644
2645
2646
2647
2648
2649
2650
2651
2652
2653
2654
2655
2656
2657
2658
2659
2660
2661
2667
2668
2669
2670
2671
2674
2675
2676
2677
2678
2679
2680
2681
2682
2683
2684
2685
2686
2687
2688
2689
2690
2691
2692
2693
2694
2695
2696
2697
2698
2699
2700
2703
2704
2705
2706
2707
2708
2709
2710
2711
2712
2713
2714
2715
2716
2717
2718
2719
2720
2721
2722
2723
2724
2725
2726
2727
2728
2729
2730
2731
2732
2733
2734
2735
2736
2737
2738
2739
2740
2741
2742
2743
2744
2745
2746
2747
2748
2749
2750
2751
2752
2753
2754
2755
2756
2757
2758
2759
2760
2761
2762
2763
2764
2765
2766
2767
2768
2769
2770
2771
2772
2773
2774
2775
2776
2777
2778
2779
2780
2781
2782
2783
2784
2785
2786
2787
2788
2789
2793
2794
2795
2796
2797
2798
2799
2800
2801
2802
2803
2804
2805
2806
2807
2808
2809
2810
2811
2812
2813
2814
2815
2816
2817
2818
2819
2820
2821
2822
2823
2824
2825
2826
2827
2828
2829
2830
2831
2832
2833
2834
2835
2836
2837
2838
2839
2840
2841
2842
2843
2844
2845
2846
2847
2848
2849
2850
2851
2852
2853
2854
2855
4872
4873
4874
4875
4876
4877
4878
4879
4880
4881
4883
4884
4888
4889
4890
4891
4892
4893
4894
4895
4896
4897
4898
4899
4900
4901
4902
4903
4904
4905
4906
4907
4908
4909
4910
4911
4912
4913
4932
4933
4936
4937
4938
4939
4940
4941
4942
4943
4944
4945
4946
4947
4948
4949
4950
4951
4952
4953
4954
4955
4960
4961
4962
4963
4964
4965
4966
4967
4968
4969
4970
4971
4972
4973
4974
4975
4976
4977
4978
4979
4980
4981
4982
4983
5012
5013
5014
5015
5016
5017
5046
5047
5048
5049
5050
5051
5052
5053
5054
5055
5057
5058
5059
5060
5061
5062
5063
5064
5065
5066
5067
5068
5069
5070
5071
5072
5073
5074
5075
5076
5078
5079
5080
5081
5082
5083
5084
5085
5086
5087
5088
5090
5091
5092
5093
5094
5095
5096
5097
5098
5099
5100
5101
5102
5103
5104
5105
5106
5107
5108
5109
5110
5111
5112
5115
5116
5117
5118
5119
5120
5121
5122
5123
5124
5125
5126
5127
5128
5137
5138
5139
5140
5141
5142
5143
5144
5145
5146
5147
5148
5149
5150
5161
5162
5163
5164
5165
5166
5167
5168
5169
5170
5171
5172
5179
5180
5181
5182
5183
5184
5185
5186
5187
5188
5191
5192
5193
5194
5195
5196
5197
5198
5199
5200
5201
5202
5203
5204
5205
5206
5207
5208
5209
5210
5211
5212
5213
5214
5215
5216
5217
5218
5222
5223
5224
5225
5226
5227
5228
5229
5230
5231
5232
5233
5234
5235
5242
5243
5244
5245
5246
5247
5248
5249
5250
5251
5252
5253
5254
5255
5262
5263
5264
5265
5266
5267
5268
5269
5270
5271
5272
5273
5274
5275
5282
5283
5284
5285
5286
5287
5288
5289
5290
5291
5292
5293
5294
5295
5302
5303
5304
5305
5306
5307
5308
5309
5310
5311
5312
5313
5314
5315
5322
5323
5324
5325
5326
5327
5328
5329
5330
5331
5332
5334
5336
5337
5338
5339
5340
5341
5342
5343
5344
5345
5346
5347
5348
5350
5351
5352
5353
5354
5355
5356
5357
5358
5359
5360
5361
5362
5363
5364
5365
5366
5367
5368
5369
5370
5371
5372
5374
5375
5376
5377
5378
5379
5380
5381
5382
5383
5384
5385
5392
5393
5394
5395
5396
5397
5398
5399
5413
5414
5415
5416
5417
5418
5419
5420
5421
5422
5423
5424
5425
5426
5427
5428
5429
5430
5431
5432
5433
5434
5435
5436
5437
5438
5439
5440
5441
5442
5443
5444
5445
5446
5447
5448
5449
5450
5451
5452
5453
5454
5455
5456
5457
5458
5459
5460
5461
5462
5465
5466
5467
5472
5473
5474
5475
5476
5477
5478
5479
5486
5487
5488
5489
5490
5491
5492
5493
5494
5495
5496
5497
5498
5499
5500
5501
5502
5503
5504
5505
5512
5513
5514
5515
5516
5517
5518
5519
5520
5521
5522
5523
5524
5525
5532
5533
5534
5535
5536
5537
5538
5539
5540
5541
5542
5543
5544
5545
5552
5553
5554
5555
5556
5557
5558
5559
5560
5561
5562
5563
5564
5565
5572
5573
5574
5576
5582
5583
5584
5585
5586
5587
5588
5589
5590
5591
5592
5596
5597
5598
5599
5600
5601
5602
5603
5604
5605
5606
5607
5610
5611
5612
5613
5614
5615
5616
5617
5624
5625
5626
5627
5628
5629
5630
5631
5638
5639
5640
5641
5642
5643
5644
5645
5659
5660
5661
5662
5663
5664
5665
5666
5667
5668
5669
5670
5671
5672
5673
5674
5675
5676
5677
5678
5679
5680
5681
5682
5683
5684
5685
5686
5687
5688
5689
5690
5691
5692
5693
5694
5695
5696
5697
5698
5699
5700
5701
5702
5703
5704
5705
5706
5707
5708
5709
5756
5759
5772
5773
5774
5775
5776
5777
5778
5779
5780
5781
5782
5783
5784
5785
5786
5787
5788
5789
5790
5791
5792
5793
5794
5795
5796
5797
5798
5799
5800
5801
5802
5803
5804
5805
5806
5807
5808
5809
5810
5811
5812
5813
5814
5815
5816
5817
5818
5819
5820
5821
5822
5823
5824
5825
5826
5827
5828
5829
5830
5831
5832
5833
5834
5835
5836
5837
5838
5839
5840
5841
5842
5843
5844
5845
5846
5847
5848
5849
5850
5851
5852
5853
5854
5855
5856
5857
5858
5859
5860
5861
5862
5863
5864
5865
5866
5867
5868
5869
5870
5871
5872
5873
5874
5875
5876
5877
5878
5879
5880
5881
5882
5883
5884
5885
5886
5887
5888
5889
5890
5891
5892
5893
5894
5895
5920
5921
5924
5925
5977
5980
5981
5984
5985
5987
6158
6159
6194
6195
6198
6199
6203
6676
6677
6686
6687
6688
6689
6690
6691
6692
6693
6694
6695
6696
6697
6698
6699
6700
6701
6736
6737
6738
6739
6740
6741
6742
6743
6744
6745
6746
6747
6748
6749
6750
6751
6752
6753
6754
6755
6758
6759
6760
6761
6762
6763
6764
6765
6766
6767
6768
6769
6770
6771
6772
6773
6774
6775
6776
6777
6778
6779
6780
6781
6782
6783
6784
6785
6788
6789
6790
6791
6792
6793
6794
6795
7853
7854
7855
7856
7857
7858
8366
8372
8840
8841
8844
8845
8846
8847
8848
8849
8850
8851
8852
8853
8854
8855
8856
8857
8858
8859
8860
8861
8862
8863
8864
8865
8866
8867
8874
8875
8890
8891
8892
8893
8894
8895
8896
8897
8898
8899
8900
8901
8914
8915
8916
8917
8918
8919
8920
8921
8922
8923
8924
8925
8926
8927
8928
8929
8934
8936
8937
8938
8939
8940
8941
8946
8947
8948
8949
8950
8951
8953
8954
8955
8958
8959
9020
9021
9022
9023
9024
9025
9026
9027
9028
9029
9030
9031
9035
9050
9051
9052
9053
9054
9055
9056
9057
9058
9059
9279
9280
9281
9282
9285
9286
9287
9288
9289
9290
9297
9298
9299
9300
9319
9320
9329
9330
9331
9332
9333
9334
9345
9346
9349
9350
9351
9352
9353
9354
9355
9356
9357
9358
9359
9360
9361
9362
9363
9364
9367
9368
9369
9370
9371
9372
9373
9374
9383
9384
9385
9386
9387
9388
9389
9390
9391
9392
9453
9454
9455
9456
9457
9458
9459
9460
9461
9462
9463
9467
9468
9483
9484
9485
9486
9487
9488
9489
9490
9491
9492
9500
9501
9581
9582
9583
9584