4932
4934
4936
4938
4940
4942
4944
4946
4949
4951
4953
4955
4957
4959
4961
4963
11212
11214
11216
11218
11220
11222
11225
11226
11261
11264
11265
11266
11267
11268
11269
11270
11271
11272
11273
11274
11275
11276
11277
11278
11279
11497
11501
11502
11579
11585
11586
11587
11588
11590
11592
11593
11594
11597
11598
11599
11600
11601
11602
11603
11604
11605
11606
11607
11608
11609
11610
11611
11612
11614
11615
11616
11617
11621
11628
11629
11630
11769
11773
11776
11777
11778
11779
11780
11781
11782
11783
11784
11785
11786
11788
11793
11852
11854
11855
11856
11858
11860
11861
11862
11863
11865
11866
12088
12089
12090
12091
12092
12095
12096
12097
12099
12100
12101
12102
12109
12110
12111
12112
12114
12116
12117
12120
12254
12255
12256
12257
12258
12259
12260
12261
12262
12266
12267
12268
12269
12270
12271
12272
12273
12274
12275
12276
12341
12343
12345
12347
12349
12351
12353
12355
12357
12358
12439
12441
12443
12445
12447
12449
12451
12453
12455
12456
13566
13567
13568
13569
13570
13571
13572
13573
13574
13575
13576
13577
13578
13579
13580
13581
13607
13608
13610
13612
13614
13616
13618
13621
13622
14591
14592
14593
14594
14595
14596
14597
14598
14599
14600
14611
14612
14613
14614
14615
14616
14617
14618
14619
14620
15056
15060
15061
15062
15063
15064
15065
15066
15067
15068
15069
15070
15071
15072
15074
15079
15080
15148
15150
15151
15152
15154
15156
15157
15158
15159
15160
15161
15162
15163
15165
15166
15170
15676
15678
15680
15681
15683
15685
15686
15687
15688
15690
15691
15692
15694
15695
15696
15697
15705
15707
15708
15709
15710
15711
15712
15713
15715
15716
15717
15718
15719
15722
15723
15725
15987
15989
15990
15991
15993
15994
15995
15996
15999
16001
16002
16003
16005
16009
16010
16011
16016
16018
16019
16020
16021
16022
16023
16024
16025
16027
16028
16029
16030
16033
16034
16036
