8
42
43
48
49
1351
3864
3865
3872
3879
3880
4035
4037
4038
4039
4040
4041
4044
4903
4904
4905
4906
4907
4909
4911
4912
4914
4915
4916
4917
4918
4919
4920
4921
4930
4931
4932
4933
4934
4935
4936
4937
4938
4939
4940
4941
4942
4943
4944
4945
4946
4947
4948
4949
4950
4951
4952
4953
4954
4955
4956
4957
4958
4959
4960
4961
4962
4963
4964
4965
8906
8912
8915
8923
10663
10664
10665
10666
10667
10668
10669
10989
10990
10991
10992
10993
10994
10995
11008
11010
11011
11012
11013
11014
11015
11016
11017
11018
11019
11020
11164
11167
11168
11182
11193
11196
11197
11198
11199
11200
11201
11202
11203
11204
11205
11206
11207
11208
11209
11210
11211
11212
11213
11214
11215
11216
11217
11218
11219
11220
11221
11222
11223
11224
11225
11226
11232
11259
11261
11262
11263
11264
11265
11266
11267
11268
11269
11270
11272
11274
11276
11278
11279
11497
11501
11502
11574
11575
11576
11577
11578
11579
11580
11581
11582
11583
11584
11585
11586
11587
11588
11589
11590
11591
11592
11593
11594
11595
11596
11597
11598
11599
11600
11601
11602
11603
11604
11605
11606
11607
11608
11609
11610
11611
11612
11613
11614
11615
11616
11617
11618
11619
11620
11621
11622
11623
11624
11625
11626
11627
11628
11629
11630
11633
11634
11635
11636
11637
11638
11639
11640
11641
11642
11644
11646
11647
11648
11649
11650
11651
11652
11653
11654
11655
11656
11657
11658
11659
11661
11662
11663
11664
11665
11666
11667
11668
11669
11670
11671
11672
11673
11674
11714
11715
11716
11717
11718
11719
11726
11727
11728
11760
11761
11769
11773
11774
11775
11776
11777
11778
11779
11780
11781
11782
11783
11784
11785
11786
11787
11788
11789
11790
11791
11792
11793
11794
11795
11796
11797
11798
11799
11800
11801
11802
11803
11804
11805
11806
11807
11808
11809
11810
11811
11812
11813
11814
11815
11816
11817
11818
11819
11820
11821
11822
11823
11824
11825
11826
11827
11828
11829
11830
11831
11832
11833
11834
11835
11836
11837
11838
11839
11840
11841
11842
11843
11844
11845
11846
11847
11848
11849
11850
11851
11852
11853
11854
11855
11856
11857
11858
11859
11860
11861
11862
11863
11864
11865
11866
11867
11868
11869
11870
11871
11872
11873
11972
11973
11976
11977
11979
11980
11981
11982
11983
11984
11985
11986
11987
11988
11989
11990
11991
12029
12075
12076
12084
12085
12086
12087
12088
12089
12090
12091
12092
12093
12094
12095
12096
12097
12098
12099
12100
12101
12102
12103
12107
12108
12109
12110
12111
12112
12113
12114
12115
12116
12117
12118
12119
12120
12121
12122
12123
12124
12125
12176
12190
12191
12193
12194
12197
12199
12234
12240
12241
12242
12250
12251
12252
12253
12254
12255
12256
12257
12258
12259
12260
12261
12262
12263
12264
12265
12266
12267
12268
12269
12270
12271
12272
12273
12274
12275
12276
12277
12278
12279
12280
12341
12343
12344
12345
12346
12347
12348
12349
12350
12351
12352
12353
12354
12355
12356
12357
12358
12437
12438
12439
12440
12441
12442
12443
12444
12445
12446
12447
12448
12449
12450
12451
12452
12453
12454
12455
12456
12500
12501
12502
12503
12509
12510
12511
12512
12513
12520
12521
12529
12530
12531
12532
12533
12534
12535
12539
12542
12543
12544
12546
12547
12552
12553
12613
12694
12695
12696
12697
12700
13560
13561
13562
13563
13564
13565
13566
13567
13568
13569
13571
13573
13575
13578
13580
13581
13588
13592
13593
13594
13595
13607
13608
13609
13610
13611
13612
13613
13614
13615
13616
13617
13618
13619
13620
13621
13622
13697
13699
13702
13703
13704
13706
13707
13744
13746
13747
13748
13749
13750
13751
13752
13753
13754
13756
13758
13771
13772
13773
13774
13775
13776
13777
14591
14592
14593
14594
14595
14596
14597
14598
14599
14600
14611
14612
14613
14614
14615
14616
14617
14618
14619
14620
14637
14639
14640
14641
14642
14643
14644
14648
14649
14650
14652
14653
14654
14655
14656
14657
14658
15001
15002
15003
15004
15005
15007
15008
15010
15013
15015
15016
15017
15018
15019
15020
15021
15022
15023
15024
15030
15037
15038
15039
15042
15043
15044
15045
15046
15047
15048
15049
15050
15051
15052
15053
15054
15055
15056
15057
15058
15059
15060
15061
15062
15063
15064
15065
15066
15067
15068
15069
15070
15071
15072
15074
15075
15076
15079
15080
15081
15082
15083
15084
15088
15091
15092
15094
15095
15096
15097
15098
15099
15100
15101
15102
15103
15104
15105
15106
15107
15108
15109
15110
15111
15112
15113
15114
15115
15116
15117
15118
15119
15120
15125
15126
15130
15133
15134
15135
15138
15139
15140
15141
15142
15143
15144
15145
15146
15147
15148
15149
15150
15151
15152
15153
15154
15155
15156
15157
15158
15159
15160
15161
15162
15163
15164
15165
15166
15167
15168
15169
15170
15171
15172
15173
15174
15175
15176
15177
15178
15179
15180
15184
15186
15187
15188
15190
15191
15192
15193
15194
15195
15196
15197
15198
15199
15200
15201
15202
15203
15204
15205
15206
15207
15208
15209
15210
15211
15212
15213
15214
15215
15216
15671
15674
15675
15676
15678
15680
15681
15682
15683
15684
15685
15686
15687
15688
15689
15690
15691
15692
15693
15694
15695
15696
15697
15698
15702
15705
15706
15707
15708
15709
15710
15711
15712
15714
15715
15720
15982
15985
15986
15987
15989
15990
15991
15992
15993
15994
15995
15996
15997
15999
16000
16001
16002
16003
16004
16005
16007
16009
16010
16011
16013
16016
16017
16018
16019
16020
16021
16022
16023
16025
16026
16564
16566
16569
16570
16571
16575
16577
16579
16582
16584
16586
16589
16591
16593
16594
16595
23105
23106
44
45
46
47
1248
1249
1862
3852
4899
4900
4901
4902
4926
4927
4928
4929
10659
10660
10661
10662
10996
10997
10998
10999
11002
11005
11006
11007
11009
11021
11022
11023
11024
11025
11026
11271
11273
11275
11277
12499
12508
12528
13502
13506
13507
13516
13517
13519
13547
13553
13554
13555
13556
13557
13558
13559
13570
13572
13574
13576
13577
13579
13582
13583
13584
13585
13586
13587
13589
13590
13591
13596
13597
13598
13599
13600
13601
13602
13603
13604
13605
13606
14633
14634
14635
14636
14638
14647
14651
15006
15009
15011
15012
15713
15716
15717
15718
15719
15722
15723
15725
16024
16027
16028
16029
16030
16033
16034
16036
16855
16856
16857
16858
16859
16860
16861
16862
16863
16864
16865
16866
16867
16868
16869
16870
16871
16872
16873
16874
16879
16880
16881
16882
16883
16884
16885
16886
16887
16888
16889
16890
16891
16892
16893
16894
16895
16896
16897
16898
51
52
53
1882
4922
4923
4924
4966
4967
4968
4969
5163
5164
8190
8191
11000
11131
11133
11158
11159
11161
11163
11171
11172
11173
11174
11175
11176
11177
11178
11179
11180
11181
11183
11184
11185
11186
11187
11188
11189
11191
11192
11194
11195
11227
11228
11229
11230
11231
11233
11234
11235
11236
11239
11240
11241
11242
11244
11249
11251
11252
11253
11254
11255
11256
11257
11258
13474
13476
13501
13504
13510
13512
13513
13514
13518
13520
13521
13523
13524
13525
13526
13529
13530
13536
13537
13538
13539
13540
13541
13542
13543
13544
13545
13546
13548
13549
13550
13551
13552
13740
13741
13762
13763
13764
13765
13766
13767
13768
13769
13770
15724
15727
15728
15730
16031
16035
16038
16039
16041
