2562
2563
2564
2565
2566
2567
2572
2573
2574
2575
2576
2577
2578
2579
2580
2581
2582
2583
2584
2585
2588
2589
2590
2591
2592
2593
2604
2605
2606
2607
2616
2617
2618
2619
2620
2621
2626
2627
2628
2629
2630
2631
2632
2633
2634
2635
2636
2637
2638
2639
2642
2643
2644
2645
2646
2647
2658
2659
2660
2661
2674
2675
2676
2677
2682
2683
2684
2685
2693
2694
2696
2697
2712
2713
2714
2715
2720
2721
2722
2723
2732
2733
2734
2735
2740
2741
2742
2743
2744
2745
2746
2747
2748
2749
2750
2751
2752
2753
2754
2755
2756
2757
2758
2759
2760
2761
2762
2763
2764
2765
2766
2767
2768
2769
2770
2771
2772
2773
2774
2775
2776
2777
2778
2779
2780
2781
2782
2783
2784
2785
2786
2787
2788
2789
2793
2794
2795
2796
2799
2800
2801
2802
2803
2804
2805
2806
2807
2808
2809
2810
2811
2812
2813
2814
2815
2816
2817
2818
2819
2820
2821
2822
2823
2824
2825
2826
2827
2828
2829
2830
2831
2832
2833
2834
2835
2836
2837
2838
2839
2840
2841
2842
2843
2844
2845
2846
2847
2848
2852
2853
2854
2855
1464
1465
1466
1467
1468
1469
1470
1471
1472
1473
1474
1475
1476
1477
1478
1479
1480
1481
1486
1488
1489
1495
1496
1506
1513
1514
1524
1525
1526
1527
1528
1529
1530
1551
1552
4894
4895
4896
4897
4898
4899
4900
4901
4902
4903
4904
4905
4906
4907
4908
4909
4910
4911
5812
5813
5814
5815
5816
5817
5818
5819
5820
5821
5822
5823
5824
5825
5826
5827
5828
5829
5832
1650
1651
1652
1653
1654
1655
1656
1657
1658
1659
1660
1661
1662
1663
1664
1665
1666
1667
1670
1671
1672
1679
1680
1681
1682
1689
1690
1691
1692
1699
1700
1710
1711
1712
1713
1714
1715
1716
1737
1738
4932
4933
4936
4937
4938
4939
4940
4941
4942
4943
4944
4945
4946
4947
4948
4949
4950
4951
4952
4953
5875
5876
5877
5878
5879
5880
5881
5882
5883
5884
5885
5886
5887
5888
5889
5890
5891
5892
5894
5895
9290
1838
1839
1840
1841
1842
1843
1844
1845
1846
1847
1850
1851
1852
1853
1854
1855
1856
1857
1858
1859
1860
1861
1862
1863
1864
1865
1866
1867
1868
1869
1870
1871
1872
1873
1874
1875
1876
1877
1878
1879
1880
1881
1882
1883
1884
1885
1886
1887
1888
1889
1890
1891
1892
1893
1894
1895
1896
1897
1898
1899
1900
1901
1902
1903
1904
1905
1906
1907
1908
1909
1910
1911
1912
1913
1914
1915
1916
1917
1918
1919
1920
1921
1922
1923
1924
1925
1926
1927
1928
1929
1930
1931
1934
1935
1941
1942
1977
1978
1979
1980
1983
1984
1987
1988
1989
1990
1991
1992
1993
1994
1995
1996
1999
2000
2001
2002
2005
2006
2007
2008
2009
2010
2013
2014
2015
2016
2017
2020
2021
2022
2023
2024
2025
2026
2029
2030
2031
2032
2035
2036
2037
2038
2039
2040
2041
2042
2046
2047
2050
2051
2052
2053
2056
2057
2060
2061
2067
2068
2073
2074
2075
2076
2079
2080
2081
2082
2083
2084
2085
2086
2087
2088
2089
2090
2091
2092
2093
2094
2095
2096
2097
2098
2101
2102
2113
2114
2115
2116
2117
2118
2119
2120
2121
2122
2123
2124
2131
2132
2133
2134
2135
2136
2137
2138
2144
2145
2150
2151
2153
2154
2155
2156
2164
2165
2176
2177
1240
1241
1242
1243
1244
1245
1246
1247
1248
1249
1250
1251
1252
1253
1254
1255
1256
1257
1258
1259
1260
1261
1262
1263
1270
1271
1272
1273
1274
1275
1276
1277
1278
1279
1280
1281
1282
1283
1284
1285
1286
1287
1301
1302
1305
1306
1307
1308
1309
1310
1313
1314
1315
1316
1317
1318
1319
1320
1363
1364
1367
1368
1369
1370
1373
1374
1375
1376
1377
1378
1379
1380
1264
1265
1266
1267
1268
1269
1288
1289
1290
1291
1292
1293
1323
1324
1325
1326
1327
1328
1329
1330
1331
1332
1335
1336
1337
1338
1339
1340
1341
1342
1383
1384
1385
1386
1387
1388
1389
1390
1391
1392
1395
1396
1397
1398
1399
1400
1401
1402
1932
1933
1936
1937
1938
1939
1940
2103
2104
2105
2106
2125
2126
2140
2141
2146
2147
2163
2166
2167
2168
2169
2175
2178
2179
2184
2185
2191
2192
2197
2198
2558
2559
2560
2561
2612
2613
2614
2615
2623
2667
2668
2669
2670
2671
2691
2692
2698
2699
2704
2705
2706
2707
2708
2709
2710
2711
2729
2730
2736
2737
2738
2739
2797
2798
2277
1361
1362
